parent
0 .[-9.53692404e+00 -6.95517748e+00  4.06915204e+00  4.62010753e-11
 -4.41146517e+00 -3.88536495e+00 -4.97539631e+00  1.66810899e+00
 -6.71728619e+00  4.94653731e+00  9.86275655e+00]
1 .[-7.85703337e+00 -7.92444003e+00  4.36628406e+00 -3.80344040e+00
 -1.75214813e-10 -1.83669770e-15  6.18696000e+00 -1.63524565e-01
 -9.43774555e+00 -1.59792834e-08 -5.72184164e+00]
2 .[-3.18237114  0.91698977 -8.224671    0.63405478  1.12891245 -9.54074887
 -4.74254578 -6.53753535 -8.88678464  0.45494089  8.08795965]
3 .[ 7.93356964 -9.93057725 -2.66743932 -2.07746338 -9.70948183 -5.8205039
  4.49925241  9.00839693  6.41873283 -9.73130823  0.05753604]
4 .[-6.36510165e+00 -1.45799022e-12 -6.55171547e+00  2.26820852e+00
 -4.41146517e+00 -1.83669770e-15  6.18696000e+00  7.76276258e+00
  5.69501163e+00 -1.59792834e-08 -3.79885700e+00]
5 .[-9.53692404e+00 -6.95517748e+00  4.06915204e+00  4.62010753e-11
  2.48782004e+00 -1.83669770e-15  8.52944060e-16  1.66810899e+00
 -4.74846659e+00  5.23315745e+00  9.86275655e+00]
6 .[-1.77818298e+00 -1.45799022e-12 -6.55171547e+00 -7.43488440e+00
  2.48782004e+00 -1.83669770e-15 -2.65419705e+00 -7.96030469e+00
  3.94666266e+00 -9.88325139e+00 -1.98956440e+00]
7 .[-6.36510165e+00 -1.98848243e+00  1.63788823e-01 -5.01862344e+00
  3.90884777e+00  9.00662544e+00  8.52944060e-16  6.04484242e+00
  2.14907702e+00  5.23315745e+00 -3.79885700e+00]
8 .[-6.36510165  3.35722728 -2.66743932 -7.98901338 -9.70948183 -5.8205039
  4.49925241  7.76276258  6.41873283  5.23315745  8.08795965]
9 .[ 7.93356964e+00  9.16989768e-01 -6.46647843e+00 -5.01862344e+00
  2.48782004e+00 -1.83669770e-15  8.52944060e-16 -6.53753535e+00
  3.94666266e+00  4.54940890e-01 -3.79885700e+00]
10 .[-6.36510165e+00 -5.76098614e+00 -6.55171547e+00 -5.01862344e+00
  5.30091482e+00 -1.83669770e-15  8.52944060e-16  7.76276258e+00
  3.94666266e+00  5.23315745e+00 -3.63009910e+00]
11 .[ 0.00000000e+00 -1.45799022e-12 -1.26576031e+00 -9.76155729e+00
  2.48782004e+00  9.03916314e+00 -9.13018220e+00 -9.84158357e+00
 -2.04721003e-06 -1.84144108e-01 -3.79885700e+00]
12 .[ 7.93356964 -1.57225747 -2.66743932 -7.98901338 -9.70948183 -5.8205039
  4.25579903 -6.34330078  7.99360737  0.73238607  8.08795965]
13 .[0. 0. 0. 0. 0. 0. 0. 0. 0. 0. 0.]

After Crossover
0 .[ 7.93356964e+00  9.16989768e-01 -6.46647843e+00 -7.43488440e+00
  2.48782004e+00 -1.83669770e-15  8.52944060e-16 -7.96030469e+00
  3.94666266e+00 -9.88325139e+00 -1.98956440e+00]
1 .[-1.77818298e+00 -1.45799022e-12 -6.55171547e+00 -5.01862344e+00
  2.48782004e+00 -1.83669770e-15 -2.65419705e+00 -6.53753535e+00
  3.94666266e+00  4.54940890e-01 -3.79885700e+00]
2 .[-7.85703337e+00 -7.92444003e+00 -6.55171547e+00 -3.80344040e+00
 -4.41146517e+00 -1.83669770e-15  6.18696000e+00  7.76276258e+00
  5.69501163e+00 -1.59792834e-08 -3.79885700e+00]
3 .[-6.36510165e+00 -1.45799022e-12  4.36628406e+00  2.26820852e+00
 -1.75214813e-10 -1.83669770e-15  6.18696000e+00 -1.63524565e-01
 -9.43774555e+00 -1.59792834e-08 -5.72184164e+00]
4 .[-7.85703337e+00 -7.92444003e+00  4.36628406e+00  0.00000000e+00
 -1.75214813e-10  0.00000000e+00  0.00000000e+00  0.00000000e+00
 -9.43774555e+00 -1.59792834e-08 -5.72184164e+00]
5 .[ 0.00000000e+00  0.00000000e+00  0.00000000e+00 -3.80344040e+00
  0.00000000e+00 -1.83669770e-15  6.18696000e+00 -1.63524565e-01
  0.00000000e+00  0.00000000e+00  0.00000000e+00]
6 .[-1.77818298e+00 -1.45799022e-12 -6.55171547e+00  2.26820852e+00
  2.48782004e+00 -1.83669770e-15  6.18696000e+00  7.76276258e+00
  5.69501163e+00 -9.88325139e+00 -1.98956440e+00]
7 .[-6.36510165e+00 -1.45799022e-12 -6.55171547e+00 -7.43488440e+00
 -4.41146517e+00 -1.83669770e-15 -2.65419705e+00 -7.96030469e+00
  3.94666266e+00 -1.59792834e-08 -3.79885700e+00]
8 .[ 0.00000000e+00 -7.92444003e+00  0.00000000e+00  0.00000000e+00
 -1.75214813e-10 -1.83669770e-15  6.18696000e+00  0.00000000e+00
  0.00000000e+00  0.00000000e+00 -5.72184164e+00]
9 .[-7.85703337e+00  0.00000000e+00  4.36628406e+00 -3.80344040e+00
  0.00000000e+00  0.00000000e+00  0.00000000e+00 -1.63524565e-01
 -9.43774555e+00 -1.59792834e-08  0.00000000e+00]
10 .[-1.77818298e+00 -5.76098614e+00 -6.55171547e+00 -7.43488440e+00
  5.30091482e+00 -1.83669770e-15 -2.65419705e+00 -7.96030469e+00
  3.94666266e+00  5.23315745e+00 -3.63009910e+00]
11 .[-6.36510165e+00 -1.45799022e-12 -6.55171547e+00 -5.01862344e+00
  2.48782004e+00 -1.83669770e-15  8.52944060e-16  7.76276258e+00
  3.94666266e+00 -9.88325139e+00 -1.98956440e+00]
12 .[ 0.          0.         -6.55171547 -7.4348844   2.48782004  0.
  0.         -7.96030469  0.         -9.88325139 -1.9895644 ]
13 .[0. 0. 0. 0. 0. 0. 0. 0. 0. 0. 0.]

After Mutation
0 .[ 7.93356964e+00  2.79306618e+00 -6.46647843e+00 -7.43488440e+00
  2.48782004e+00 -1.83669770e-15  8.52944060e-16 -7.96030469e+00
  3.94666266e+00 -9.88325139e+00 -1.98956440e+00]
1 .[-1.77818298e+00 -6.45103429e+00 -6.55171547e+00 -5.01862344e+00
  2.48782004e+00 -1.83669770e-15 -2.65419705e+00 -6.53753535e+00
  3.94666266e+00  4.54940890e-01 -3.79885700e+00]
2 .[-7.85703337e+00 -7.92444003e+00 -7.95159069e+00 -3.80344040e+00
 -4.41146517e+00 -1.83669770e-15  6.18696000e+00  7.76276258e+00
  5.69501163e+00 -1.59792834e-08 -3.79885700e+00]
3 .[-6.36510165e+00 -1.45799022e-12  4.36628406e+00  2.26820852e+00
 -1.75214813e-10 -1.83669770e-15  6.18696000e+00 -1.63524565e-01
 -9.43774555e+00  1.10030377e+00 -5.72184164e+00]
4 .[-7.85703337e+00 -7.92444003e+00  4.36628406e+00  0.00000000e+00
 -1.75214813e-10  0.00000000e+00  4.26188938e+00  0.00000000e+00
 -9.43774555e+00 -1.59792834e-08 -5.72184164e+00]
5 .[ 0.00000000e+00  0.00000000e+00  0.00000000e+00 -3.80344040e+00
  0.00000000e+00 -1.83669770e-15  6.18696000e+00  8.70311758e+00
  0.00000000e+00  0.00000000e+00  0.00000000e+00]
6 .[-1.77818298e+00 -1.45799022e-12 -6.55171547e+00  2.26820852e+00
  2.48782004e+00 -1.83669770e-15  5.59320469e+00  7.76276258e+00
  5.69501163e+00 -9.88325139e+00 -1.98956440e+00]
7 .[-6.36510165e+00 -1.45799022e-12 -6.55171547e+00 -7.43488440e+00
 -4.41146517e+00 -1.83669770e-15 -2.65419705e+00 -7.96030469e+00
 -4.75248463e+00 -1.59792834e-08 -3.79885700e+00]
8 .[ 0.00000000e+00 -7.92444003e+00  0.00000000e+00  0.00000000e+00
 -1.75214813e-10 -7.02711257e+00  6.18696000e+00  0.00000000e+00
  0.00000000e+00  0.00000000e+00 -5.72184164e+00]
9 .[-7.85703337e+00  0.00000000e+00  4.36628406e+00 -3.80344040e+00
 -5.04996927e-02  0.00000000e+00  0.00000000e+00 -1.63524565e-01
 -9.43774555e+00 -1.59792834e-08  0.00000000e+00]
10 .[-1.77818298e+00 -5.76098614e+00 -6.55171547e+00 -7.43488440e+00
  5.30091482e+00 -1.83669770e-15 -2.65419705e+00 -3.93715140e+00
  3.94666266e+00  5.23315745e+00 -3.63009910e+00]
11 .[-6.36510165e+00 -1.45799022e-12 -6.55171547e+00  7.75544445e+00
  2.48782004e+00 -1.83669770e-15  8.52944060e-16  7.76276258e+00
  3.94666266e+00 -9.88325139e+00 -1.98956440e+00]
12 .[ 0.          0.         -6.55171547 -7.4348844   2.48782004 -7.73489286
  0.         -7.96030469  0.         -9.88325139 -1.9895644 ]
13 .[0.         0.         0.         0.         0.         0.
 6.70628899 0.         0.         0.         0.        ]