parent
0 .[ 0.          8.72450369  0.          2.34097383  0.         -7.73489286
  0.         -9.41757415  0.          0.          0.        ]
1 .[-6.77073635e+00 -9.05340213e-02  0.00000000e+00  0.00000000e+00
  0.00000000e+00 -1.83669770e-15  0.00000000e+00  0.00000000e+00
  0.00000000e+00  0.00000000e+00  0.00000000e+00]
2 .[ 0.00000000e+00  8.72450369e+00  0.00000000e+00  0.00000000e+00
  0.00000000e+00 -1.83669770e-15  0.00000000e+00  0.00000000e+00
  0.00000000e+00  0.00000000e+00 -5.49710475e+00]
3 .[ 0.          0.          0.          0.          0.          0.
  9.93217919  0.          0.         -2.72560961  0.        ]
4 .[ 0.00000000e+00  0.00000000e+00  0.00000000e+00  0.00000000e+00
  0.00000000e+00 -1.83669770e-15 -4.26720289e+00  2.41862130e+00
  0.00000000e+00  0.00000000e+00  2.47767830e+00]
5 .[9.25737761 2.15783275 0.         0.         0.         0.
 1.0229506  0.         0.         0.         0.        ]
6 .[0.         0.         0.         0.         0.         0.
 3.94753124 0.         0.         0.         0.        ]
7 .[ 9.25737761e+00  0.00000000e+00  0.00000000e+00  0.00000000e+00
  0.00000000e+00 -1.83669770e-15  9.93217919e+00  0.00000000e+00
  0.00000000e+00 -3.10832340e+00  0.00000000e+00]
8 .[0.         8.72450369 0.         0.         0.         0.
 9.93217919 0.         0.         0.         0.        ]
9 .[ 0.00000000e+00  0.00000000e+00  0.00000000e+00 -4.84802614e+00
  0.00000000e+00 -1.83669770e-15  0.00000000e+00  0.00000000e+00
  0.00000000e+00  0.00000000e+00  0.00000000e+00]
10 .[ 0.          0.          0.          0.          0.          0.
 -7.12156641  0.          0.          0.          0.        ]
11 .[ 9.25737761 -6.52117658  0.         -6.11747186  0.         -3.23441045
  0.          0.          0.          0.          0.        ]
12 .[ 9.25737761e+00  0.00000000e+00  0.00000000e+00  0.00000000e+00
  0.00000000e+00 -1.83669770e-15  0.00000000e+00 -4.68848938e+00
  0.00000000e+00  0.00000000e+00  0.00000000e+00]
13 .[ 0.          0.          0.          0.          0.          0.
  0.          0.          0.          0.         -0.42997957]

After Crossover
0 .[ 0.          0.          0.          0.          0.          0.
 -7.12156641  0.          0.          0.          0.        ]
1 .[0.         0.         0.         0.         0.         0.
 3.94753124 0.         0.         0.         0.        ]
2 .[ 0.          8.72450369  0.         -4.84802614  0.         -7.73489286
  0.         -9.41757415  0.          0.          0.        ]
3 .[ 0.00000000e+00  0.00000000e+00  0.00000000e+00  2.34097383e+00
  0.00000000e+00 -1.83669770e-15  0.00000000e+00  0.00000000e+00
  0.00000000e+00  0.00000000e+00  0.00000000e+00]
4 .[ 0.          8.72450369  0.          0.          0.         -7.73489286
  9.93217919 -9.41757415  0.          0.          0.        ]
5 .[0.         8.72450369 0.         2.34097383 0.         0.
 0.         0.         0.         0.         0.        ]
6 .[ 0.          0.          0.         -4.84802614  0.          0.
  0.          0.          0.          0.          0.        ]
7 .[ 0.00000000e+00  0.00000000e+00  0.00000000e+00  0.00000000e+00
  0.00000000e+00 -1.83669770e-15  3.94753124e+00  0.00000000e+00
  0.00000000e+00  0.00000000e+00  0.00000000e+00]
8 .[9.25737761 2.15783275 0.         0.         0.         0.
 1.0229506  0.         0.         0.         0.        ]
9 .[ 0.          0.          0.          0.          0.          0.
 -7.12156641  0.          0.          0.          0.        ]
10 .[ 0.          8.72450369  0.          2.34097383  0.         -7.73489286
  0.          0.          0.          0.          0.        ]
11 .[ 0.          0.          0.          0.          0.          0.
 -7.12156641 -9.41757415  0.          0.          0.        ]
12 .[ 9.25737761  0.          0.          0.          0.          0.
  9.93217919  0.          0.         -3.1083234   0.        ]
13 .[0. 0. 0. 0. 0. 0. 0. 0. 0. 0. 0.]

After Mutation
0 .[ 0.          9.77745477  0.          0.          0.          0.
 -7.12156641  0.          0.          0.          0.        ]
1 .[ 0.          0.         -1.70388555  0.          0.          0.
  3.94753124  0.          0.          0.          0.        ]
2 .[ 0.          8.72450369  0.         -4.84802614  0.          4.27842901
  0.         -9.41757415  0.          0.          0.        ]
3 .[ 0.00000000e+00  0.00000000e+00  0.00000000e+00  2.34097383e+00
  0.00000000e+00 -1.83669770e-15  0.00000000e+00  0.00000000e+00
  0.00000000e+00  7.21688978e+00  0.00000000e+00]
4 .[ 0.          8.72450369  0.          0.          0.         -7.73489286
  9.93217919 -9.41757415  0.          0.          7.71271938]
5 .[8.45760298 8.72450369 0.         2.34097383 0.         0.
 0.         0.         0.         0.         0.        ]
6 .[ 0.          0.          0.         -4.84802614 -3.8292358   0.
  0.          0.          0.          0.          0.        ]
7 .[ 0.00000000e+00  0.00000000e+00 -6.70645780e+00  0.00000000e+00
  0.00000000e+00 -1.83669770e-15  3.94753124e+00  0.00000000e+00
  0.00000000e+00  0.00000000e+00  0.00000000e+00]
8 .[ 9.25737761  2.15783275 -6.19869358  0.          0.          0.
  1.0229506   0.          0.          0.          0.        ]
9 .[ 1.40998271  0.          0.          0.          0.          0.
 -7.12156641  0.          0.          0.          0.        ]
10 .[ 0.          8.72450369  0.          2.34097383  0.         -7.73489286
  0.          0.         -1.47061275  0.          0.        ]
11 .[ 0.         -7.50621454  0.          0.          0.          0.
 -7.12156641 -9.41757415  0.          0.          0.        ]
12 .[ 9.25737761  0.          0.          0.          0.          0.
  9.93217919  0.          0.         -3.1083234   1.81478678]
13 .[ 0.          0.         -3.77086116  0.          0.          0.
  0.          0.          0.          0.          0.        ]
