parent
0 .[ 9.25737761 -0.09053402  0.          0.          0.         -7.73489286
  0.         -9.41757415  0.          0.          0.        ]
1 .[0.        0.        0.        0.        0.        0.        1.0229506
 0.        0.        0.        2.4776783]
2 .[ 0.         -1.95029188  4.70116368 -7.4348844   2.48782004 -7.73489286
  6.70628899  0.          0.          0.          0.        ]
3 .[ 0.          0.          0.          0.          6.59701395  0.
 -1.78265797  0.          0.         -5.68804957  0.        ]
4 .[ 0.          0.          0.          0.          0.         -7.73489286
 -0.13179318  8.70311758  0.          0.          0.        ]
5 .[ 0.         -0.09053402  8.58567232  0.          9.86390778  0.
  1.0229506   0.          0.79670113  0.          0.        ]
6 .[ 0.00000000e+00  8.72450369e+00  0.00000000e+00  0.00000000e+00
  0.00000000e+00 -1.83669770e-15  0.00000000e+00  0.00000000e+00
  0.00000000e+00  0.00000000e+00  0.00000000e+00]
7 .[ 9.25737761  0.          0.         -9.36102899  0.          0.
  6.70628899  0.          0.          0.          0.        ]
8 .[9.25737761e+00 0.00000000e+00 0.00000000e+00 0.00000000e+00
 0.00000000e+00 6.24661267e+00 8.52944060e-16 0.00000000e+00
 0.00000000e+00 0.00000000e+00 0.00000000e+00]
9 .[ 0.04889535  0.          2.68703714 -7.4348844  -6.13475264  0.
  0.          0.          3.94666266  0.          0.        ]
10 .[ 0.          0.          0.         -6.11747186  0.          0.
  0.          0.          0.          0.          0.        ]
11 .[ 9.25737761e+00  0.00000000e+00  0.00000000e+00  0.00000000e+00
  0.00000000e+00 -1.83669770e-15 -4.26720289e+00  0.00000000e+00
  0.00000000e+00  0.00000000e+00  0.00000000e+00]
12 .[ 9.25737761 -6.52117658  0.          0.          0.          0.
 -7.12156641  0.          0.          0.          0.        ]
13 .[0.         0.         0.         0.         0.         0.
 9.93217919 0.         0.         0.         0.        ]

After Crossover
0 .[ 0.          8.72450369  0.          0.          0.         -7.73489286
  0.         -9.41757415  0.          0.          0.        ]
1 .[ 9.25737761e+00 -9.05340213e-02  0.00000000e+00  0.00000000e+00
  0.00000000e+00 -1.83669770e-15  0.00000000e+00  0.00000000e+00
  0.00000000e+00  0.00000000e+00  0.00000000e+00]
2 .[ 0.00000000e+00  8.72450369e+00  0.00000000e+00  0.00000000e+00
  0.00000000e+00 -1.83669770e-15  0.00000000e+00  0.00000000e+00
  0.00000000e+00  0.00000000e+00  0.00000000e+00]
3 .[0.         0.         0.         0.         0.         0.
 9.93217919 0.         0.         0.         0.        ]
4 .[ 0.00000000e+00  0.00000000e+00  0.00000000e+00  0.00000000e+00
  0.00000000e+00 -1.83669770e-15 -4.26720289e+00  0.00000000e+00
  0.00000000e+00  0.00000000e+00  2.47767830e+00]
5 .[9.25737761 0.         0.         0.         0.         0.
 1.0229506  0.         0.         0.         0.        ]
6 .[ 0.          0.          0.          0.          0.          0.
 -4.26720289  0.          0.          0.          0.        ]
7 .[ 9.25737761e+00  0.00000000e+00  0.00000000e+00  0.00000000e+00
  0.00000000e+00 -1.83669770e-15  9.93217919e+00  0.00000000e+00
  0.00000000e+00  0.00000000e+00  0.00000000e+00]
8 .[0.         8.72450369 0.         0.         0.         0.
 9.93217919 0.         0.         0.         0.        ]
9 .[ 0.0000000e+00  0.0000000e+00  0.0000000e+00  0.0000000e+00
  0.0000000e+00 -1.8366977e-15  0.0000000e+00  0.0000000e+00
  0.0000000e+00  0.0000000e+00  0.0000000e+00]
10 .[ 0.          0.          0.          0.          0.          0.
 -7.12156641  0.          0.          0.          0.        ]
11 .[ 9.25737761 -6.52117658  0.         -6.11747186  0.          0.
  0.          0.          0.          0.          0.        ]
12 .[ 9.25737761e+00  0.00000000e+00  0.00000000e+00  0.00000000e+00
  0.00000000e+00 -1.83669770e-15  0.00000000e+00  0.00000000e+00
  0.00000000e+00  0.00000000e+00  0.00000000e+00]
13 .[0. 0. 0. 0. 0. 0. 0. 0. 0. 0. 0.]

After Mutation
0 .[ 0.          8.72450369  0.          2.34097383  0.         -7.73489286
  0.         -9.41757415  0.          0.          0.        ]
1 .[-6.77073635e+00 -9.05340213e-02  0.00000000e+00  0.00000000e+00
  0.00000000e+00 -1.83669770e-15  0.00000000e+00  0.00000000e+00
  0.00000000e+00  0.00000000e+00  0.00000000e+00]
2 .[ 0.00000000e+00  8.72450369e+00  0.00000000e+00  0.00000000e+00
  0.00000000e+00 -1.83669770e-15  0.00000000e+00  0.00000000e+00
  0.00000000e+00  0.00000000e+00 -5.49710475e+00]
3 .[ 0.          0.          0.          0.          0.          0.
  9.93217919  0.          0.         -2.72560961  0.        ]
4 .[ 0.00000000e+00  0.00000000e+00  0.00000000e+00  0.00000000e+00
  0.00000000e+00 -1.83669770e-15 -4.26720289e+00  2.41862130e+00
  0.00000000e+00  0.00000000e+00  2.47767830e+00]
5 .[9.25737761 2.15783275 0.         0.         0.         0.
 1.0229506  0.         0.         0.         0.        ]
6 .[0.         0.         0.         0.         0.         0.
 3.94753124 0.         0.         0.         0.        ]
7 .[ 9.25737761e+00  0.00000000e+00  0.00000000e+00  0.00000000e+00
  0.00000000e+00 -1.83669770e-15  9.93217919e+00  0.00000000e+00
  0.00000000e+00 -3.10832340e+00  0.00000000e+00]
8 .[0.         8.72450369 0.         0.         0.         0.
 9.93217919 0.         0.         0.         0.        ]
9 .[ 0.00000000e+00  0.00000000e+00  0.00000000e+00 -4.84802614e+00
  0.00000000e+00 -1.83669770e-15  0.00000000e+00  0.00000000e+00
  0.00000000e+00  0.00000000e+00  0.00000000e+00]
10 .[ 0.          0.          0.          0.          0.          0.
 -7.12156641  0.          0.          0.          0.        ]
11 .[ 9.25737761 -6.52117658  0.         -6.11747186  0.         -3.23441045
  0.          0.          0.          0.          0.        ]
12 .[ 9.25737761e+00  0.00000000e+00  0.00000000e+00  0.00000000e+00
  0.00000000e+00 -1.83669770e-15  0.00000000e+00 -4.68848938e+00
  0.00000000e+00  0.00000000e+00  0.00000000e+00]
13 .[ 0.          0.          0.          0.          0.          0.
  0.          0.          0.          0.         -0.42997957]
