parent
0 .[ 0.00000000e+00  0.00000000e+00  8.58567232e+00 -3.80344040e+00
  0.00000000e+00 -1.83669770e-15  6.70628899e+00  8.70311758e+00
  0.00000000e+00  0.00000000e+00  0.00000000e+00]
1 .[0.        0.        0.        0.        0.        0.        1.0229506
 0.        0.        0.        0.       ]
2 .[-7.85703337  0.          4.36628406  0.          0.          0.
  6.70628899  1.88448688  0.          0.         -5.72184164]
3 .[ 0.00000000e+00 -7.92444003e+00  0.00000000e+00  0.00000000e+00
 -1.75214813e-10  0.00000000e+00  4.26188938e+00  0.00000000e+00
 -9.43774555e+00 -1.59792834e-08  8.97662828e+00]
4 .[-6.36510165e+00 -1.45799022e-12  0.00000000e+00  7.75544445e+00
  2.48782004e+00 -2.76694805e+00  6.70628899e+00  7.76276258e+00
  3.94666266e+00  0.00000000e+00  0.00000000e+00]
5 .[ 0.00000000e+00  0.00000000e+00 -6.55171547e+00  0.00000000e+00
  0.00000000e+00  0.00000000e+00  8.52944060e-16  0.00000000e+00
  0.00000000e+00 -5.68804957e+00 -1.98956440e+00]
6 .[ 0.00000000e+00 -6.45103429e+00  0.00000000e+00 -3.80344040e+00
  2.48782004e+00 -1.83669770e-15  6.18696000e+00  8.70311758e+00
  0.00000000e+00  4.54940890e-01  0.00000000e+00]
7 .[-1.77818298e+00  0.00000000e+00 -6.55171547e+00 -5.01862344e+00
  0.00000000e+00 -1.83669770e-15 -2.65419705e+00  6.72876927e+00
  3.94666266e+00  0.00000000e+00 -3.79885700e+00]
8 .[ 0.          0.          0.         -7.4348844   2.48782004 -7.73489286
  6.70628899  0.          0.          4.16565834  0.        ]
9 .[ 0.         -6.52117658 -6.55171547  0.          0.          0.
  0.         -7.96030469  0.         -9.88325139 -1.9895644 ]
10 .[ 7.93356964  2.79306618 -6.46647843  0.          2.48782004  0.
  6.70628899 -7.96030469  0.          0.         -1.9895644 ]
11 .[ 4.88953499e-02  0.00000000e+00  0.00000000e+00 -7.43488440e+00
  0.00000000e+00 -1.83669770e-15  8.52944060e-16  0.00000000e+00
  3.94666266e+00 -9.88325139e+00  0.00000000e+00]
12 .[ 0.00000000e+00  0.00000000e+00  0.00000000e+00 -3.80344040e+00
  2.48782004e+00 -1.83669770e-15  6.18696000e+00 -7.96030469e+00
  0.00000000e+00 -9.88325139e+00 -9.93497396e+00]
13 .[ 0.          0.          0.          0.          0.          0.
 -0.13179318  0.          0.          0.          0.        ]

After Crossover
0 .[ 0.          0.         -6.55171547  0.          2.48782004  0.
  6.70628899  0.          0.         -5.68804957 -1.9895644 ]
1 .[ 7.93356964e+00  2.79306618e+00 -6.46647843e+00  0.00000000e+00
  0.00000000e+00  0.00000000e+00  8.52944060e-16 -7.96030469e+00
  0.00000000e+00  0.00000000e+00 -1.98956440e+00]
2 .[ 0.          0.          0.          0.          0.         -7.73489286
  1.0229506   0.          0.          0.          0.        ]
3 .[ 0.          0.          0.         -7.4348844   2.48782004  0.
  6.70628899  0.          0.          4.16565834  0.        ]
4 .[ 0.          0.          0.          0.          0.          0.
 -0.13179318  0.          0.         -5.68804957  0.        ]
5 .[ 0.00000000e+00  0.00000000e+00 -6.55171547e+00  0.00000000e+00
  0.00000000e+00  0.00000000e+00  8.52944060e-16  0.00000000e+00
  0.00000000e+00  0.00000000e+00 -1.98956440e+00]
6 .[ 0.         -6.52117658 -6.55171547 -3.8034404   0.          0.
  6.70628899 -7.96030469  0.         -9.88325139  0.        ]
7 .[ 0.00000000e+00  0.00000000e+00  8.58567232e+00  0.00000000e+00
  0.00000000e+00 -1.83669770e-15  0.00000000e+00  8.70311758e+00
  0.00000000e+00  0.00000000e+00 -1.98956440e+00]
8 .[-1.77818298e+00  0.00000000e+00 -6.55171547e+00 -5.01862344e+00
  0.00000000e+00 -1.83669770e-15 -2.65419705e+00  6.72876927e+00
  3.94666266e+00 -9.88325139e+00 -3.79885700e+00]
9 .[ 4.88953499e-02  0.00000000e+00  0.00000000e+00 -7.43488440e+00
  0.00000000e+00 -1.83669770e-15  8.52944060e-16  0.00000000e+00
  3.94666266e+00  0.00000000e+00  0.00000000e+00]
10 .[ 0.00000000e+00  0.00000000e+00  0.00000000e+00 -3.80344040e+00
  0.00000000e+00 -1.83669770e-15  6.70628899e+00  0.00000000e+00
  0.00000000e+00  0.00000000e+00  0.00000000e+00]
11 .[ 0.          0.          8.58567232  0.          0.          0.
 -0.13179318  8.70311758  0.          0.          0.        ]
12 .[ 0.          0.          8.58567232 -7.4348844   2.48782004 -7.73489286
  6.70628899  0.          0.          0.          0.        ]
13 .[0. 0. 0. 0. 0. 0. 0. 0. 0. 0. 0.]

After Mutation
0 .[ 0.          0.         -6.55171547  7.57628722  2.48782004  0.
  6.70628899  0.          0.         -5.68804957 -1.9895644 ]
1 .[ 7.93356964  2.79306618 -6.46647843  0.          0.          0.
 -2.05026303 -7.96030469  0.          0.         -1.9895644 ]
2 .[ 0.         -0.09053402  0.          0.          0.         -7.73489286
  1.0229506   0.          0.          0.          0.        ]
3 .[ 0.          0.          0.         -7.4348844   2.48782004  0.
  6.70628899  0.         -7.994512    4.16565834  0.        ]
4 .[ 0.          0.          0.          0.          6.59701395  0.
 -0.13179318  0.          0.         -5.68804957  0.        ]
5 .[ 0.00000000e+00  0.00000000e+00 -6.55171547e+00  0.00000000e+00
  0.00000000e+00  0.00000000e+00  8.52944060e-16  0.00000000e+00
  0.00000000e+00  0.00000000e+00  5.15089539e+00]
6 .[ 0.         -6.52117658 -6.55171547 -3.8034404   0.          0.
  6.70628899 -7.96030469  0.         -1.73120869  0.        ]
7 .[ 0.00000000e+00  0.00000000e+00  8.58567232e+00  0.00000000e+00
  0.00000000e+00 -1.83669770e-15  3.73648403e+00  8.70311758e+00
  0.00000000e+00  0.00000000e+00 -1.98956440e+00]
8 .[-1.77818298e+00  0.00000000e+00 -1.46851834e+00 -5.01862344e+00
  0.00000000e+00 -1.83669770e-15 -2.65419705e+00  6.72876927e+00
  3.94666266e+00 -9.88325139e+00 -3.79885700e+00]
9 .[ 4.88953499e-02  0.00000000e+00  2.68703714e+00 -7.43488440e+00
  0.00000000e+00 -1.83669770e-15  8.52944060e-16  0.00000000e+00
  3.94666266e+00  0.00000000e+00  0.00000000e+00]
10 .[ 0.00000000e+00  0.00000000e+00  0.00000000e+00 -2.25990384e+00
  0.00000000e+00 -1.83669770e-15  6.70628899e+00  0.00000000e+00
  0.00000000e+00  0.00000000e+00  0.00000000e+00]
11 .[ 0.          0.          8.58567232  0.          0.          0.
 -0.13179318  8.70311758  0.79670113  0.          0.        ]
12 .[ 0.          0.          4.70116368 -7.4348844   2.48782004 -7.73489286
  6.70628899  0.          0.          0.          0.        ]
13 .[9.25737761 0.         0.         0.         0.         0.
 0.         0.         0.         0.         0.        ]
