parent
0 .[ 0.          0.         -6.55171547  7.57628722  2.48782004  0.
  6.70628899  0.          0.         -5.68804957 -1.9895644 ]
1 .[ 7.93356964  2.79306618 -6.46647843  0.          0.          0.
 -2.05026303 -7.96030469  0.          0.         -1.9895644 ]
2 .[ 0.         -0.09053402  0.          0.          0.         -7.73489286
  1.0229506   0.          0.          0.          0.        ]
3 .[ 0.          0.          0.         -7.4348844   2.48782004  0.
  6.70628899  0.         -7.994512    4.16565834  0.        ]
4 .[ 0.          0.          0.          0.          6.59701395  0.
 -0.13179318  0.          0.         -5.68804957  0.        ]
5 .[ 0.00000000e+00  0.00000000e+00 -6.55171547e+00  0.00000000e+00
  0.00000000e+00  0.00000000e+00  8.52944060e-16  0.00000000e+00
  0.00000000e+00  0.00000000e+00  5.15089539e+00]
6 .[ 0.         -6.52117658 -6.55171547 -3.8034404   0.          0.
  6.70628899 -7.96030469  0.         -1.73120869  0.        ]
7 .[ 0.00000000e+00  0.00000000e+00  8.58567232e+00  0.00000000e+00
  0.00000000e+00 -1.83669770e-15  3.73648403e+00  8.70311758e+00
  0.00000000e+00  0.00000000e+00 -1.98956440e+00]
8 .[-1.77818298e+00  0.00000000e+00 -1.46851834e+00 -5.01862344e+00
  0.00000000e+00 -1.83669770e-15 -2.65419705e+00  6.72876927e+00
  3.94666266e+00 -9.88325139e+00 -3.79885700e+00]
9 .[ 4.88953499e-02  0.00000000e+00  2.68703714e+00 -7.43488440e+00
  0.00000000e+00 -1.83669770e-15  8.52944060e-16  0.00000000e+00
  3.94666266e+00  0.00000000e+00  0.00000000e+00]
10 .[ 0.00000000e+00  0.00000000e+00  0.00000000e+00 -2.25990384e+00
  0.00000000e+00 -1.83669770e-15  6.70628899e+00  0.00000000e+00
  0.00000000e+00  0.00000000e+00  0.00000000e+00]
11 .[ 0.          0.          8.58567232  0.          0.          0.
 -0.13179318  8.70311758  0.79670113  0.          0.        ]
12 .[ 0.          0.          4.70116368 -7.4348844   2.48782004 -7.73489286
  6.70628899  0.          0.          0.          0.        ]
13 .[9.25737761 0.         0.         0.         0.         0.
 0.         0.         0.         0.         0.        ]

After Crossover
0 .[ 9.25737761 -0.09053402  0.          0.          0.         -7.73489286
  0.          0.          0.          0.          0.        ]
1 .[0.        0.        0.        0.        0.        0.        1.0229506
 0.        0.        0.        0.       ]
2 .[ 0.          0.          4.70116368 -7.4348844   2.48782004 -7.73489286
  6.70628899  0.          0.          0.          0.        ]
3 .[ 0.          0.          0.          0.          6.59701395  0.
 -0.13179318  0.          0.         -5.68804957  0.        ]
4 .[ 0.          0.          0.          0.          0.         -7.73489286
 -0.13179318  8.70311758  0.          0.          0.        ]
5 .[ 0.         -0.09053402  8.58567232  0.          0.          0.
  1.0229506   0.          0.79670113  0.          0.        ]
6 .[ 0.0000000e+00  0.0000000e+00  0.0000000e+00  0.0000000e+00
  0.0000000e+00 -1.8366977e-15  0.0000000e+00  0.0000000e+00
  0.0000000e+00  0.0000000e+00  0.0000000e+00]
7 .[ 9.25737761  0.          0.         -2.25990384  0.          0.
  6.70628899  0.          0.          0.          0.        ]
8 .[ 9.25737761e+00  0.00000000e+00  0.00000000e+00  0.00000000e+00
  0.00000000e+00 -1.83669770e-15  8.52944060e-16  0.00000000e+00
  0.00000000e+00  0.00000000e+00  0.00000000e+00]
9 .[ 0.04889535  0.          2.68703714 -7.4348844   0.          0.
  0.          0.          3.94666266  0.          0.        ]
10 .[ 0.          0.          0.         -2.25990384  0.          0.
  0.          0.          0.          0.          0.        ]
11 .[ 9.25737761e+00  0.00000000e+00  0.00000000e+00  0.00000000e+00
  0.00000000e+00 -1.83669770e-15  6.70628899e+00  0.00000000e+00
  0.00000000e+00  0.00000000e+00  0.00000000e+00]
12 .[ 9.25737761 -6.52117658  0.          0.          0.          0.
  6.70628899  0.          0.          0.          0.        ]
13 .[0. 0. 0. 0. 0. 0. 0. 0. 0. 0. 0.]

After Mutation
0 .[ 9.25737761 -0.09053402  0.          0.          0.         -7.73489286
  0.         -9.41757415  0.          0.          0.        ]
1 .[0.        0.        0.        0.        0.        0.        1.0229506
 0.        0.        0.        2.4776783]
2 .[ 0.         -1.95029188  4.70116368 -7.4348844   2.48782004 -7.73489286
  6.70628899  0.          0.          0.          0.        ]
3 .[ 0.          0.          0.          0.          6.59701395  0.
 -1.78265797  0.          0.         -5.68804957  0.        ]
4 .[ 0.          0.          0.          0.          0.         -7.73489286
 -0.13179318  8.70311758  0.          0.          0.        ]
5 .[ 0.         -0.09053402  8.58567232  0.          9.86390778  0.
  1.0229506   0.          0.79670113  0.          0.        ]
6 .[ 0.00000000e+00  8.72450369e+00  0.00000000e+00  0.00000000e+00
  0.00000000e+00 -1.83669770e-15  0.00000000e+00  0.00000000e+00
  0.00000000e+00  0.00000000e+00  0.00000000e+00]
7 .[ 9.25737761  0.          0.         -9.36102899  0.          0.
  6.70628899  0.          0.          0.          0.        ]
8 .[9.25737761e+00 0.00000000e+00 0.00000000e+00 0.00000000e+00
 0.00000000e+00 6.24661267e+00 8.52944060e-16 0.00000000e+00
 0.00000000e+00 0.00000000e+00 0.00000000e+00]
9 .[ 0.04889535  0.          2.68703714 -7.4348844  -6.13475264  0.
  0.          0.          3.94666266  0.          0.        ]
10 .[ 0.          0.          0.         -6.11747186  0.          0.
  0.          0.          0.          0.          0.        ]
11 .[ 9.25737761e+00  0.00000000e+00  0.00000000e+00  0.00000000e+00
  0.00000000e+00 -1.83669770e-15 -4.26720289e+00  0.00000000e+00
  0.00000000e+00  0.00000000e+00  0.00000000e+00]
12 .[ 9.25737761 -6.52117658  0.          0.          0.          0.
 -7.12156641  0.          0.          0.          0.        ]
13 .[0.         0.         0.         0.         0.         0.
 9.93217919 0.         0.         0.         0.        ]