Parent
0 .[ 7.35122856  6.74268637 -9.13032246 -0.90802896 -2.35644435  2.57379921
  2.56923921 -7.07287159  3.3921225  -6.87236144 -0.47441753]
1 .[-6.36510165e+00 -1.45799022e-12 -6.55171547e+00 -5.01862344e+00
  2.48782004e+00 -1.83669770e-15  8.52944060e-16  7.76276258e+00
  3.94666266e+00  5.23315745e+00 -3.79885700e+00]
2 .[ 0.         -1.57225747 -8.08380886 -4.9029087  -7.08703333 -8.31466554
  4.25579903  1.74087907  7.99360737  0.73238607 -5.55314093]
3 .[ 7.85328181e+00 -2.16222672e+00 -3.66150944e+00 -2.88661110e+00
 -1.75214813e-10 -9.11768170e+00  2.30360762e+00  2.96096324e+00
 -2.53448206e+00  8.97099654e+00  9.84583675e+00]
4 .[-0.02267757 -9.93057725 -8.224671    0.63405478  1.12891245 -9.54074887
 -4.74254578  9.00839693 -8.88678464 -9.73130823  0.05753604]
5 .[ 3.29589165  7.99455877  9.49621557  7.69974447  7.63664191  8.04007772
  5.18446381 -5.55853305 -8.42755202 -4.33032614  9.22159789]
6 .[ 0.00000000e+00 -5.76098614e+00 -1.26576031e+00 -9.76155729e+00
  5.30091482e+00  9.03916314e+00 -9.13018220e+00 -9.84158357e+00
 -2.04721003e-06 -8.41704677e+00 -3.63009910e+00]
7 .[-1.77818298 -1.98848243  0.16378882 -7.4348844   3.90884777  9.00662544
 -2.65419705  6.04484242  9.83951476 -9.88325139 -1.9895644 ]
8 .[ 7.93356964  0.91698977 -2.66743932 -7.98901338 -9.70948183 -5.8205039
  4.49925241 -6.53753535  6.41873283  0.45494089  8.08795965]
9 .[ 6.16800762e+00  6.95102211e+00 -3.84990807e+00  4.62010753e-11
 -2.68581794e+00  5.93998671e+00  6.87974067e+00  9.22203553e+00
  5.53103734e+00  6.75555909e+00  5.10634256e-02]
10 .[ 0.00000000e+00  4.58066450e+00 -4.20280970e+00 -8.09702968e+00
  7.71241185e+00  3.64415829e-01 -2.97302992e+00  2.29423303e-05
 -1.61974576e-01 -1.59792834e-08 -8.56825791e+00]
11 .[ 6.39338662e+00  2.77553444e+00 -3.51016729e+00 -2.12164915e-01
 -1.43707873e+00 -9.06407551e+00 -5.88760360e+00  2.29423303e-05
 -4.27805662e+00  4.38520975e+00 -6.77637809e+00]
12 .[-9.53692404e+00 -6.95517748e+00  4.06915204e+00  4.62010753e-11
 -4.41146517e+00 -1.83669770e-15  6.18696000e+00  1.66810899e+00
  5.69501163e+00 -1.59792834e-08  9.86275655e+00]
13 .[-7.85703337e+00 -7.92444003e+00  4.36628406e+00 -3.80344040e+00
 -1.75214813e-10 -1.83669770e-15 -4.97539631e+00 -1.63524565e-01
 -6.71728619e+00  4.94653731e+00 -5.72184164e+00]
After Crossover
0 .[-9.53692404e+00 -6.95517748e+00  4.06915204e+00  4.62010753e-11
 -4.41146517e+00 -1.83669770e-15 -4.97539631e+00  1.66810899e+00
 -6.71728619e+00  4.94653731e+00  9.86275655e+00]
1 .[-7.85703337e+00 -7.92444003e+00  4.36628406e+00 -3.80344040e+00
 -1.75214813e-10 -1.83669770e-15  6.18696000e+00 -1.63524565e-01
  5.69501163e+00 -1.59792834e-08 -5.72184164e+00]
2 .[-0.02267757  0.91698977 -8.224671    0.63405478  1.12891245 -9.54074887
 -4.74254578 -6.53753535 -8.88678464  0.45494089  8.08795965]
3 .[ 7.93356964 -9.93057725 -2.66743932 -7.98901338 -9.70948183 -5.8205039
  4.49925241  9.00839693  6.41873283 -9.73130823  0.05753604]
4 .[-6.36510165e+00 -1.45799022e-12 -6.55171547e+00 -5.01862344e+00
 -4.41146517e+00 -1.83669770e-15  6.18696000e+00  7.76276258e+00
  5.69501163e+00 -1.59792834e-08 -3.79885700e+00]
5 .[-9.53692404e+00 -6.95517748e+00  4.06915204e+00  4.62010753e-11
  2.48782004e+00 -1.83669770e-15  8.52944060e-16  1.66810899e+00
  3.94666266e+00  5.23315745e+00  9.86275655e+00]
6 .[-1.77818298e+00 -1.45799022e-12 -6.55171547e+00 -7.43488440e+00
  2.48782004e+00 -1.83669770e-15 -2.65419705e+00  7.76276258e+00
  3.94666266e+00 -9.88325139e+00 -1.98956440e+00]
7 .[-6.36510165e+00 -1.98848243e+00  1.63788823e-01 -5.01862344e+00
  3.90884777e+00  9.00662544e+00  8.52944060e-16  6.04484242e+00
  9.83951476e+00  5.23315745e+00 -3.79885700e+00]
8 .[-6.36510165e+00 -1.45799022e-12 -2.66743932e+00 -7.98901338e+00
 -9.70948183e+00 -5.82050390e+00  4.49925241e+00  7.76276258e+00
  6.41873283e+00  5.23315745e+00  8.08795965e+00]
9 .[ 7.93356964e+00  9.16989768e-01 -6.55171547e+00 -5.01862344e+00
  2.48782004e+00 -1.83669770e-15  8.52944060e-16 -6.53753535e+00
  3.94666266e+00  4.54940890e-01 -3.79885700e+00]
10 .[-6.36510165e+00 -5.76098614e+00 -6.55171547e+00 -5.01862344e+00
  5.30091482e+00 -1.83669770e-15  8.52944060e-16  7.76276258e+00
  3.94666266e+00  5.23315745e+00 -3.63009910e+00]
11 .[ 0.00000000e+00 -1.45799022e-12 -1.26576031e+00 -9.76155729e+00
  2.48782004e+00  9.03916314e+00 -9.13018220e+00 -9.84158357e+00
 -2.04721003e-06 -8.41704677e+00 -3.79885700e+00]
12 .[ 7.93356964 -1.57225747 -2.66743932 -7.98901338 -9.70948183 -5.8205039
  4.25579903  1.74087907  7.99360737  0.73238607  8.08795965]
13 .[0. 0. 0. 0. 0. 0. 0. 0. 0. 0. 0.]
After Mutation
0 .[-9.53692404e+00 -6.95517748e+00  4.06915204e+00  4.62010753e-11
 -4.41146517e+00 -3.88536495e+00 -4.97539631e+00  1.66810899e+00
 -6.71728619e+00  4.94653731e+00  9.86275655e+00]
1 .[-7.85703337e+00 -7.92444003e+00  4.36628406e+00 -3.80344040e+00
 -1.75214813e-10 -1.83669770e-15  6.18696000e+00 -1.63524565e-01
 -9.43774555e+00 -1.59792834e-08 -5.72184164e+00]
2 .[-3.18237114  0.91698977 -8.224671    0.63405478  1.12891245 -9.54074887
 -4.74254578 -6.53753535 -8.88678464  0.45494089  8.08795965]
3 .[ 7.93356964 -9.93057725 -2.66743932 -2.07746338 -9.70948183 -5.8205039
  4.49925241  9.00839693  6.41873283 -9.73130823  0.05753604]
4 .[-6.36510165e+00 -1.45799022e-12 -6.55171547e+00  2.26820852e+00
 -4.41146517e+00 -1.83669770e-15  6.18696000e+00  7.76276258e+00
  5.69501163e+00 -1.59792834e-08 -3.79885700e+00]
5 .[-9.53692404e+00 -6.95517748e+00  4.06915204e+00  4.62010753e-11
  2.48782004e+00 -1.83669770e-15  8.52944060e-16  1.66810899e+00
 -4.74846659e+00  5.23315745e+00  9.86275655e+00]
6 .[-1.77818298e+00 -1.45799022e-12 -6.55171547e+00 -7.43488440e+00
  2.48782004e+00 -1.83669770e-15 -2.65419705e+00 -7.96030469e+00
  3.94666266e+00 -9.88325139e+00 -1.98956440e+00]
7 .[-6.36510165e+00 -1.98848243e+00  1.63788823e-01 -5.01862344e+00
  3.90884777e+00  9.00662544e+00  8.52944060e-16  6.04484242e+00
  2.14907702e+00  5.23315745e+00 -3.79885700e+00]
8 .[-6.36510165  3.35722728 -2.66743932 -7.98901338 -9.70948183 -5.8205039
  4.49925241  7.76276258  6.41873283  5.23315745  8.08795965]
9 .[ 7.93356964e+00  9.16989768e-01 -6.46647843e+00 -5.01862344e+00
  2.48782004e+00 -1.83669770e-15  8.52944060e-16 -6.53753535e+00
  3.94666266e+00  4.54940890e-01 -3.79885700e+00]
10 .[-6.36510165e+00 -5.76098614e+00 -6.55171547e+00 -5.01862344e+00
  5.30091482e+00 -1.83669770e-15  8.52944060e-16  7.76276258e+00
  3.94666266e+00  5.23315745e+00 -3.63009910e+00]
11 .[ 0.00000000e+00 -1.45799022e-12 -1.26576031e+00 -9.76155729e+00
  2.48782004e+00  9.03916314e+00 -9.13018220e+00 -9.84158357e+00
 -2.04721003e-06 -1.84144108e-01 -3.79885700e+00]
12 .[ 7.93356964 -1.57225747 -2.66743932 -7.98901338 -9.70948183 -5.8205039
  4.25579903 -6.34330078  7.99360737  0.73238607  8.08795965]
13 .[0. 0. 0. 0. 0. 0. 0. 0. 0. 0. 0.]