parent
0 .[ 0.          0.          0.          0.          0.          0.
 -7.12156641 -3.48194858  0.          9.3682762   0.        ]
1 .[-5.24221183  0.          0.         -4.84802614 -6.69650412  0.
  0.          0.          0.          0.          0.        ]
2 .[ 0.          0.          0.         -8.45537952 -3.8292358   0.
 -9.39280624  0.         -5.50991604  0.          0.        ]
3 .[ 0.00000000e+00  9.77745477e+00  0.00000000e+00 -4.84802614e+00
  0.00000000e+00 -1.83669770e-15 -7.12156641e+00  0.00000000e+00
  0.00000000e+00  0.00000000e+00 -1.62836132e+00]
4 .[ 5.77431522  0.         -6.7064578   0.          0.          0.
  0.          0.          0.          0.          0.        ]
5 .[ 0.          0.          0.          0.          0.         -9.74221183
 -4.67409516  0.          0.          0.          0.        ]
6 .[ 0.          0.          0.         -5.69957663  0.          0.
 -7.12156641  0.          0.          0.          0.        ]
7 .[-5.24221183  9.77745477  0.         -4.84802614  0.          0.
 -7.12156641  0.          0.          6.94058777  0.        ]
8 .[ 0.          8.72450369  0.          0.          0.          4.27842901
 -9.02094128 -9.41757415  0.          0.          0.        ]
9 .[ 0.          0.40236618  0.          0.         -3.8292358   0.
  0.          0.          0.         -7.06087226  0.        ]
10 .[ 0.          8.72450369  0.          0.          0.          4.27842901
  0.          0.         -3.8724867   0.          0.        ]
11 .[ 0.          0.         -9.69728556  0.          0.          0.
  0.         -3.48194858  0.          0.          0.        ]
12 .[ 0.          9.77745477  0.         -8.45537952  3.05243528  0.
 -7.12156641  0.          0.          0.          0.        ]
13 .[0. 0. 0. 0. 0. 0. 0. 0. 0. 0. 0.]

After Crossover
0 .[ 0.          9.77745477  0.         -8.45537952 -3.8292358   0.
 -7.12156641  0.          0.          0.          0.        ]
1 .[ 0.          0.          0.         -8.45537952  3.05243528  0.
 -9.39280624  0.         -5.50991604  0.          0.        ]
2 .[ 5.77431522  0.         -6.7064578   0.          0.          0.
 -4.67409516  0.          0.          0.          0.        ]
3 .[ 0.          0.          0.          0.          0.         -9.74221183
  0.          0.          0.          0.          0.        ]
4 .[ 0.          0.          0.          0.          0.          0.
 -7.12156641  0.          0.          0.          0.        ]
5 .[ 0.          9.77745477  0.         -8.45537952  3.05243528  0.
  0.          0.          0.          0.          0.        ]
6 .[0. 0. 0. 0. 0. 0. 0. 0. 0. 0. 0.]
7 .[ 0.          0.          0.         -5.69957663  0.          0.
 -7.12156641  0.          0.          0.          0.        ]
8 .[-5.24221183  0.          0.          0.         -6.69650412  0.
  0.          0.          0.          0.          0.        ]
9 .[ 0.          0.          0.         -4.84802614  0.          0.
  0.          0.          0.          0.          0.        ]
10 .[ 0.          9.77745477  0.         -5.69957663  0.          0.
 -7.12156641  0.          0.          0.          0.        ]
11 .[ 0.          0.          0.         -8.45537952  3.05243528  0.
 -7.12156641  0.          0.          0.          0.        ]
12 .[-5.24221183  0.          0.         -4.84802614  0.          0.
 -7.12156641  0.          0.          0.          0.        ]
13 .[0. 0. 0. 0. 0. 0. 0. 0. 0. 0. 0.]

After Mutation
0 .[ 0.          9.77745477  0.         -8.45537952 -3.8292358   0.
 -7.12156641  0.          0.          0.         -7.36838724]
1 .[ 0.          0.          0.         -8.45537952  3.05243528  0.
 -3.90111511  0.         -5.50991604  0.          0.        ]
2 .[ 5.77431522  0.         -6.7064578   0.          0.          0.
 -4.67409516  0.          0.          0.          0.        ]
3 .[ 0.          0.          0.          0.          0.         -9.74221183
  0.          4.06627663  0.          0.          0.        ]
4 .[ 0.          0.          0.          1.03215037  0.          0.
 -7.12156641  0.          0.          0.          0.        ]
5 .[ 0.          9.77745477  0.         -8.45537952 -8.68213551  0.
  0.          0.          0.          0.          0.        ]
6 .[0.         0.         0.         0.         0.         0.
 0.         0.         3.92431422 0.         0.        ]
7 .[ 0.          0.          4.60948475 -5.69957663  0.          0.
 -7.12156641  0.          0.          0.          0.        ]
8 .[-5.24221183  0.          0.          0.         -8.61790358  0.
  0.          0.          0.          0.          0.        ]
9 .[ 0.          0.         -3.83661924 -4.84802614  0.          0.
  0.          0.          0.          0.          0.        ]
10 .[ 0.          9.77745477  0.         -5.69957663  0.          0.
 -7.12156641  0.         -3.62763161  0.          0.        ]
11 .[ 0.          0.          0.         -8.45537952  3.05243528  8.97064738
 -7.12156641  0.          0.          0.          0.        ]
12 .[-5.24221183  0.          0.         -4.84802614  0.          0.
 -6.8811128   0.          0.          0.          0.        ]
13 .[ 0.          0.          0.          0.          0.          0.
  0.          0.          0.          0.         -9.90655264]
